00100000
00001000
00000000
00000010
00100000
00001001
00000000
01100100
00100000
00000100
00000000
00000000
00100000
00000101
00000000
00000000
00000001
00001001
01101000
00100010
00011101
10100000
00000000
00010101
00100000
00000110
00000000
00000010
00100000
00000111
00000000
00000001
00000000
11001000
01101000
00101010
00010001
10100000
00000000
00001001
00000001
00000000
01011000
00100000
00000001
01100110
01011000
00100010
00000001
01100110
01110000
00101010
00010001
11000000
11111111
11111101
00010001
01100000
00000000
00000001
00001000
00000000
00000000
00010001
00100000
00000111
00000000
00000000
00100000
11000110
00000000
00000001
00001000
00000000
00000000
00001000
00010000
11100000
00000000
00000101
00000000
10100101
01110000
00100000
00000001
11001110
01110000
00100000
00000000
10001110
01100000
00100000
10101101
10001000
00000000
00000000
00100000
10100101
00000000
00000001
00100001
00001000
00000000
00000001
00001000
00000000
00000000
00000100
00001000
00000000
00000000
00011011
00000000
00000000
00000000
00000000
